1932+1059  17-Jan-24  193000.00   60326.81250000000             3.183447  0.003 -5.796
   1040073977.292110    4.414645651890 GMRT   60    3   550.049                
  2.45549206038685216e-07 -8.59905886087983072e-05  9.57388201860403373e-07
1932+1059  17-Jan-24  203000.00   60326.85416666660             3.183447 -0.001 -5.410
   1040089870.014673    4.414645651890 GMRT   60    3   550.049                
  2.26207522608915385e-07  2.54252346256591668e-05  8.91984762103602386e-07
1932+1059  17-Jan-24  213000.00   60326.89583333330             3.183447 -0.005 -5.227
   1040105762.743677    4.414645651890 GMRT   60    3   550.049                
  1.90876239545616526e-07  1.25837628982587675e-04  7.74873672800289522e-07
1932+1059  17-Jan-24  223000.00   60326.93750000000             3.183447 -0.008 -5.122
   1040121655.478242    4.414645651890 GMRT   60    3   550.049                
  1.42276207454245776e-07  2.09495658188789521e-04  6.14079095034055333e-07
1932+1059  17-Jan-24  233000.00   60326.97916666660             3.183447 -0.010 -5.063
   1040137548.217178    4.414645651890 GMRT   60    3   550.049                
  8.47830270468623535e-08  2.71796333546054150e-04  4.20618254272131870e-07
1932+1059  18-Jan-24    3000.00   60327.02083333330             3.183447 -0.012 -5.037
   1040153440.959172    4.414645651890 GMRT   60    3   550.049                
  2.12552370955827052e-08  3.09600017486731237e-04  2.07745983695264050e-07
1932+1059  18-Jan-24   13000.00   60327.06250000000             3.183447 -0.012 -5.043
   1040169333.702661    4.414645651890 GMRT   60    3   550.049                
 -4.39902828451629990e-08  3.21445528609608298e-04 -9.95195278032878498e-09
1932+1059  18-Jan-24   23000.00   60327.10416666660             3.183447 -0.012 -5.079
   1040185226.446043    4.414645651890 GMRT   60    3   550.049                
 -1.06449251835834179e-07  3.07650255781894279e-04 -2.17559305522405152e-07
1932+1059  18-Jan-24   33000.00   60327.14583333330             3.183447 -0.010 -5.153
   1040201119.187907    4.414645651890 GMRT   60    3   550.049                
 -1.61008563995325003e-07  2.70288435711189552e-04 -4.00851466408767688e-07
1932+1059  18-Jan-24   43000.00   60327.18750000000             3.183447 -0.008 -5.280
   1040217011.926899    4.414645651890 GMRT   60    3   550.049                
 -2.04938964084874298e-07  2.13049020330627331e-04 -5.47269951898037655e-07
1932+1059  18-Jan-24   53000.00   60327.22916666660             3.183447 -0.005 -5.509
   1040232904.661932    4.414645651890 GMRT   60    3   550.049                
 -2.35800912034299097e-07  1.40982893753824963e-04 -6.46782975443600966e-07
1932+1059  18-Jan-24   63000.00   60327.27083333330             3.183447 -0.002 -6.119
   1040248797.392367    4.414645651890 GMRT   60    3   550.049                
 -2.48787074101681719e-07  6.01567873214489942e-05 -6.92572209314669385e-07
1932+1059  18-Jan-24   73000.00   60327.31250000000             3.183447  0.001 -5.776
   1040264690.117838    4.414645651890 GMRT   60    3   550.049                
 -2.45432561818864728e-07 -2.27623781156180667e-05 -6.81500690059616848e-07
1932+1059  18-Jan-24   83000.00   60327.35416666660             3.183447  0.004 -5.402
   1040280582.838387    4.414645651890 GMRT   60    3   550.049                
 -2.26024870046728709e-07 -1.00964364036724665e-04 -6.14328295059483767e-07
1932+1059  18-Jan-24   93000.00   60327.39583333330             3.183447  0.006 -5.223
   1040296475.554571    4.414645651890 GMRT   60    3   550.049                
 -1.89850536963246352e-07 -1.67962203065072558e-04 -4.95657162946789614e-07
1932+1059  18-Jan-24  103000.00   60327.43750000000             3.183447  0.008 -5.120
   1040312368.267204    4.414645651890 GMRT   60    3   550.049                
 -1.41447218952634324e-07 -2.18036712890016697e-04 -3.33620035172264651e-07
1932+1059  18-Jan-24  113000.00   60327.47916666660             3.183447  0.009 -5.061
   1040328260.977409    4.414645651890 GMRT   60    3   550.049                
 -8.38750901810320080e-08 -2.46628354856739517e-04 -1.39319829360644680e-07
1932+1059  18-Jan-24  123000.00   60327.52083333330             3.183447  0.010 -5.037
   1040344153.686657    4.414645651890 GMRT   60    3   550.049                
 -1.94890602708164040e-08 -2.50649684327201817e-04  7.39290143217405525e-08
1932+1059  18-Jan-24  133000.00   60327.56250000000             3.183447  0.009 -5.043
   1040360046.396439    4.414645651890 GMRT   60    3   550.049                
  4.65866144711445356e-08 -2.28696869021794243e-04  2.91514880542523982e-07
1932+1059  18-Jan-24  143000.00   60327.60416666660             3.183447  0.007 -5.081
   1040375939.108277    4.414645651890 GMRT   60    3   550.049                
  1.07326549497445586e-07 -1.81145895361293504e-04  4.98526952485710198e-07
1932+1059  18-Jan-24  153000.00   60327.64583333330             3.183447  0.004 -5.157
   1040391831.823733    4.414645651890 GMRT   60    3   550.049                
  1.63205438329362659e-07 -1.10126813970603114e-04  6.80781478038716764e-07
1932+1059  18-Jan-24  163000.00   60327.68750000000             3.183447  0.001 -5.286
   1040407724.544076    4.414645651890 GMRT   60    3   550.049                
  2.05907001527148674e-07 -1.93777627564746377e-05  8.25788788950257764e-07
1932+1059  18-Jan-24  173000.00   60327.72916666660             3.183447 -0.003 -5.519
   1040423617.270308    4.414645651890 GMRT   60    3   550.049                
  2.35093057199990138e-07  8.60111218647304518e-05  9.23613423321115192e-07
1932+1059  18-Jan-24  183000.00   60327.77083333330             3.183447 -0.008 -6.166
   1040439510.003206    4.414645651890 GMRT   60    3   550.049                
  2.48492352014560581e-07  1.99946535154437338e-04  9.67550711637885785e-07
