1932+1059  17-Jan-24  193000.00   60326.81250000000             3.183447  0.003 -5.796
   1040073977.251593    4.414645651890 GMRT   60    3   500.000                
  2.45893051227661165e-07 -8.59911725172989732e-05  9.57388909629765223e-07
1932+1059  17-Jan-24  203000.00   60326.85416666660             3.183447 -0.001 -5.410
   1040089869.974156    4.414645651890 GMRT   60    3   500.000                
  2.25247178054584936e-07  2.54246913554013021e-05  8.91985214142713020e-07
1932+1059  17-Jan-24  213000.00   60326.89583333330             3.183447 -0.005 -5.227
   1040105762.703160    4.414645651890 GMRT   60    3   500.000                
  1.90466032729927032e-07  1.25837152747659744e-04  7.74874100345046653e-07
1932+1059  17-Jan-24  223000.00   60326.93750000000             3.183447 -0.008 -5.122
   1040121655.437725    4.414645651890 GMRT   60    3   500.000                
  1.42918487453919109e-07  2.09495279436119669e-04  6.14079947071963254e-07
1932+1059  17-Jan-24  233000.00   60326.97916666660             3.183447 -0.010 -5.063
   1040137548.176661    4.414645651890 GMRT   60    3   500.000                
  8.42226739583067432e-08  2.71796080570881006e-04  4.20618828855167217e-07
1932+1059  18-Jan-24    3000.00   60327.02083333330             3.183447 -0.012 -5.037
   1040153440.918655    4.414645651890 GMRT   60    3   500.000                
  2.09963822766011178e-08  3.09599886493410826e-04  2.07747181906592528e-07
1932+1059  18-Jan-24   13000.00   60327.06250000000             3.183447 -0.012 -5.043
   1040169333.662143    4.414645651890 GMRT   60    3   500.000                
 -4.41052833338247350e-08  3.21445533970758895e-04 -9.95046828496526129e-09
1932+1059  18-Jan-24   23000.00   60327.10416666660             3.183447 -0.012 -5.079
   1040185226.405526    4.414645651890 GMRT   60    3   500.000                
 -1.07483179826523644e-07  3.07650388487936723e-04 -2.17558031329726396e-07
1932+1059  18-Jan-24   33000.00   60327.14583333330             3.183447 -0.010 -5.153
   1040201119.147390    4.414645651890 GMRT   60    3   500.000                
 -1.61381082334867687e-07  2.70288679941392887e-04 -4.00850695739930104e-07
1932+1059  18-Jan-24   43000.00   60327.18750000000             3.183447 -0.008 -5.280
   1040217011.886382    4.414645651890 GMRT   60    3   500.000                
 -2.05413735088433582e-07  2.13049358140847829e-04 -5.47269192089594894e-07
1932+1059  18-Jan-24   53000.00   60327.22916666660             3.183447 -0.005 -5.509
   1040232904.621415    4.414645651890 GMRT   60    3   500.000                
 -2.35325248654971215e-07  1.40983290152189373e-04 -6.46782927396410574e-07
1932+1059  18-Jan-24   63000.00   60327.27083333330             3.183447 -0.002 -6.119
   1040248797.351850    4.414645651890 GMRT   60    3   500.000                
 -2.49382903920892443e-07  6.01572106448729435e-05 -6.92572174598137198e-07
1932+1059  18-Jan-24   73000.00   60327.31250000000             3.183447  0.001 -5.776
   1040264690.077321    4.414645651890 GMRT   60    3   500.000                
 -2.44938510975818870e-07 -2.27619609208259669e-05 -6.81501263689315608e-07
1932+1059  18-Jan-24   83000.00   60327.35416666660             3.183447  0.004 -5.402
   1040280582.797870    4.414645651890 GMRT   60    3   500.000                
 -2.26004370871805864e-07 -1.00963989423933506e-04 -6.14328690265720041e-07
1932+1059  18-Jan-24   93000.00   60327.39583333330             3.183447  0.006 -5.223
   1040296475.514054    4.414645651890 GMRT   60    3   500.000                
 -1.89489428332150604e-07 -1.67961901943450428e-04 -4.95658019217181306e-07
1932+1059  18-Jan-24  103000.00   60327.43750000000             3.183447  0.008 -5.120
   1040312368.226687    4.414645651890 GMRT   60    3   500.000                
 -1.40773407718841585e-07 -2.18036507823827271e-04 -3.33620963599874231e-07
1932+1059  18-Jan-24  113000.00   60327.47916666660             3.183447  0.009 -5.061
   1040328260.936892    4.414645651890 GMRT   60    3   500.000                
 -8.36369050601449997e-08 -2.46628264234255662e-04 -1.39320763907182684e-07
1932+1059  18-Jan-24  123000.00   60327.52083333330             3.183447  0.010 -5.037
   1040344153.646140    4.414645651890 GMRT   60    3   500.000                
 -1.93596061232465127e-08 -2.50649728402607414e-04  7.39279813931454547e-08
1932+1059  18-Jan-24  133000.00   60327.56250000000             3.183447  0.009 -5.043
   1040360046.355922    4.414645651890 GMRT   60    3   500.000                
  4.59744574519729843e-08 -2.28697040951063378e-04  2.91513209864179741e-07
1932+1059  18-Jan-24  143000.00   60327.60416666660             3.183447  0.007 -5.081
   1040375939.067760    4.414645651890 GMRT   60    3   500.000                
  1.08051139834577904e-07 -1.81146198455166285e-04  4.98526115891384063e-07
1932+1059  18-Jan-24  153000.00   60327.64583333330             3.183447  0.004 -5.157
   1040391831.783216    4.414645651890 GMRT   60    3   500.000                
  1.62788026217328805e-07 -1.10127228465120220e-04  6.80780436673083487e-07
1932+1059  18-Jan-24  163000.00   60327.68750000000             3.183447  0.001 -5.286
   1040407724.503559    4.414645651890 GMRT   60    3   500.000                
  2.06082239016096139e-07 -1.93782710889283741e-05  8.25788095126370549e-07
1932+1059  18-Jan-24  173000.00   60327.72916666660             3.183447 -0.003 -5.519
   1040423617.229791    4.414645651890 GMRT   60    3   500.000                
  2.34440975080276029e-07  8.60105619523120608e-05  9.23612749762298752e-07
1932+1059  18-Jan-24  183000.00   60327.77083333330             3.183447 -0.008 -6.166
   1040439509.962689    4.414645651890 GMRT   60    3   500.000                
  2.47992709612052315e-07  1.99945949864969080e-04  9.67550619969517062e-07
